0.049004 -0.919072 -0.391031
0.726145 0.301060 -0.618123
-0.683215 0.255080 -0.684216
0.844736 -0.501843 -0.185942
-0.730363 -0.619308 -0.288143
-0.050997 0.038998 0.997937
-0.018000 0.870980 -0.490989
-0.444182 0.494202 0.747306
-0.989508 -0.086044 -0.116060
-0.469820 -0.854673 0.220915
0.411896 0.399899 0.818793
-0.551974 0.789963 -0.266988
-0.122920 -0.476690 0.870435
-0.848388 0.141065 0.510233
-0.341108 -0.788249 -0.512162
0.361003 -0.529004 0.768005
-0.471991 0.849983 0.233995
-0.856078 -0.481044 0.189017
0.796929 0.161986 0.581948
0.467087 -0.009002 -0.884165
0.013004 0.998345 -0.056019
