0.049004 -0.919072 -0.391031
0.726145 0.301060 -0.618123
-0.683215 0.255080 -0.684216
0.844736 -0.501843 -0.185942
-0.730363 -0.619308 -0.288143
-0.050997 0.038998 0.997937
-0.018000 0.870980 -0.490989
-0.444182 0.494202 0.747306
-0.989508 -0.086044 -0.116060
-0.469820 -0.854673 0.220915
0.411896 0.399899 0.818793
-0.551974 0.789963 -0.266988
-0.122920 -0.476690 0.870435
-0.848388 0.141065 0.510233
-0.341108 -0.788249 -0.512162
0.361003 -0.529004 0.768005
-0.471991 0.849983 0.233995
-0.856078 -0.481044 0.189017
0.796929 0.161986 0.581948
0.467087 -0.009002 -0.884165
0.013004 0.998345 -0.056019
0.882449 -0.387197 0.267136
0.017001 -0.536021 -0.844033
-0.442032 -0.651048 0.617045
0.365068 -0.058011 0.929172
0.977042 -0.004000 -0.213009
-0.406109 -0.902241 -0.145039
-0.627136 0.614133 0.479104
-0.353985 0.771968 -0.527978
-0.658282 -0.472202 -0.586251
0.422995 0.321996 -0.846991
0.211964 -0.753870 -0.621893
0.911561 -0.103950 0.397808
-0.311084 0.947256 -0.077021
0.678884 0.631892 -0.373936
0.134958 -0.285911 0.948705
-0.646988 0.229996 0.726986
0.904095 0.397042 0.158017
-0.757293 0.647250 -0.087034
0.143014 0.284027 0.948091
0.233064 0.894246 -0.382105
0.663806 -0.530844 0.526846
0.157051 0.710233 0.686225
-0.894783 -0.213948 0.391905
0.593752 0.079967 0.800665
-0.005999 0.687843 -0.725835
0.665227 0.746255 0.024008
-0.277096 0.276096 0.920320
-0.962296 0.268083 0.046014
-0.133040 -0.970295 -0.202061
0.789745 -0.404869 -0.460851
-0.193968 -0.192968 0.961842
-0.235997 0.951988 0.194998
-0.884406 -0.272125 -0.379174
0.463190 -0.307126 0.831341
0.700043 0.066004 -0.711044
-0.200022 0.928102 -0.314035
0.549691 0.704603 0.448747
-0.669719 0.726696 0.152936
0.237006 0.722017 -0.650015
0.960384 0.260104 -0.100040
